194,440
194,439
195,439
195,438
196,438
196,437
197,437
197,436
198,436
199,436
200,436
201,436
202,436
203,436
204,436
205,436
206,436
207,436
208,436
208,435
209,435
209,434
210,434
210,433
210,432
211,432
211,431
212,431
212,430
213,430
213,429
214,429
215,428
216,428
216,427
217,427
218,427
219,427
219,426
220,426
221,426
221,425
222,425
223,425
223,424
224,424
225,423
226,423
226,422
227,422
228,421
229,421
229,420
230,420
230,419
231,419
231,418
232,418
232,417
233,417
233,416
234,415
234,414
235,414
235,413
236,413
236,412
236,411
237,411
237,410
237,409
238,409
238,408
238,407
239,407
239,406
239,405
240,405
240,404
240,403
240,402
241,401
241,400
241,399
241,398
241,397
242,397
242,396
242,395
242,394
242,393
242,392
242,391
242,390
242,389
243,389
243,388
243,387
243,386
243,385
243,384
244,384
244,383
244,382
244,381
244,380
244,379
245,379
245,378
245,377
245,376
245,375
245,374
245,373
246,373
246,372
246,371
246,370
246,369
246,368
246,367
246,366
247,366
247,365
247,364
247,363
247,362
247,361
247,360
247,359
247,358
247,357
247,356
248,356
248,355
248,354
248,353
248,352
248,351
248,350
248,349
248,348
248,347
248,346
248,345
248,344
248,343
248,342
248,341
248,340
248,339
248,338
248,337
248,336
248,335
248,334
248,333
248,332
248,331
248,330
247,329
247,328
247,327
247,326
247,325
247,324
247,323
247,322
247,321
247,320
247,319
247,318
247,317
247,316
247,315
247,314
246,314
246,313
246,312
246,311
246,310
246,309
246,308
246,307
246,306
246,305
245,305
245,304
245,303
245,302
245,301
245,300
245,299
245,298
244,298
244,297
244,296
244,295
244,294
244,293
244,292
244,291
243,291
243,290
243,289
243,288
243,287
243,286
243,285
243,284
243,285
243,286
243,287
242,287
242,286
242,285
242,284
242,283
242,282
242,281
241,281
241,280
241,279
241,278
241,277
241,276
240,276
240,275
240,274
240,273
240,272
240,271
240,272
239,272
239,271
239,270
239,269
239,268
239,267
239,268
238,268
238,267
238,266
238,265
238,264
238,263
238,264
237,264
237,263
237,262
237,261
237,260
236,260
236,259
236,258
236,257
236,256
236,255
235,255
235,254
235,253
236,253
236,252
236,251
237,250
238,250
239,250
240,250
241,250
241,251
242,251
243,251
244,251
244,252
245,252
246,252
247,252
248,252
249,252
250,252
251,252
252,252
253,252
253,251
254,251
255,251
255,250
256,250
257,250
258,250
258,249
259,249
260,249
260,250
261,250
261,251
260,252
259,253
259,254
258,254
258,255
257,255
256,256
255,257
254,257
254,258
253,258
252,259
251,259
250,259
250,260
249,260
248,260
247,260
246,260
247,260
247,261
246,261
245,261
244,261
243,261
242,261
241,261
240,261
239,261
238,261
237,261
237,260
236,260
235,260
234,260
234,259
233,259
232,259
231,258
230,258
230,257
229,257
228,257
228,256
227,256
226,256
226,255
225,255
225,254
224,254
223,253
222,253
222,252
221,252
221,251
220,251
220,250
219,250
219,249
218,249
218,248
218,247
217,247
217,246
216,246
216,245
215,245
215,244
215,243
215,242
214,242
214,241
214,240
214,239
214,238
214,237
215,236
215,235
216,235
216,234
217,234
217,233
218,233
219,233
219,232
220,232
221,232
222,232
223,232
224,232
225,232
225,233
226,233
227,233
228,233
228,234
229,234
230,234
230,235
231,235
231,236
232,236
232,237
232,238
232,239
232,240
232,241
232,240
232,239
232,238
233,238
233,239
233,240
233,241
233,242
233,243
233,244
234,244
234,245
235,246
235,247
236,247
237,248
238,248
239,247
240,247
240,246
241,246
241,245
242,245
242,244
242,243
243,243
243,242
243,241
244,241
244,240
244,239
244,238
245,238
245,237
245,236
245,235
246,235
246,234
246,233
246,232
246,231
246,230
246,229
246,228
246,229
246,230
247,230
247,229
247,228
246,227
246,226
246,225
246,224
245,223
245,222
245,221
244,221
244,220
244,219
243,219
243,218
242,218
242,217
242,216
241,216
241,215
240,215
240,214
239,214
239,213
238,212
238,211
237,211
237,210
236,210
236,209
235,209
235,208
234,207
234,206
233,206
233,205
233,204
232,204
232,203
232,202
232,201
231,201
231,200
231,199
231,198
231,197
230,197
230,196
230,195
230,194
230,193
230,192
230,191
230,190
230,189
230,190
230,191
229,191
229,190
229,189
229,188
229,187
229,186
229,185
229,184
229,183
229,182
229,181
229,180
229,181
228,181
228,180
228,179
228,178
228,177
228,176
228,175
228,174
227,174
227,173
227,172
227,171
227,170
226,170
226,169
225,169
224,169
223,169
222,170
221,170
220,171
219,171
219,172
218,172
217,172
216,172
215,172
214,172
214,171
213,171
213,170
213,169
212,168
213,168
213,167
214,167
214,168
215,168
216,168
217,168
218,168
219,168
220,168
221,167
222,166
222,165
221,164
221,163
220,162
220,161
219,161
219,160
218,160
218,159
217,159
216,158
215,158
214,158
213,158
212,158
211,158
211,159
211,160
210,160
210,161
211,161
212,161
212,162
213,162
213,161
214,161
214,162
215,162
216,162
217,162
217,163
218,163
219,164
219,165
219,166
218,166
217,166
216,165
215,165
214,165
214,164
213,164
212,164
212,163
211,163
211,162
211,161
210,161
210,162
209,162
208,162
207,162
207,163
206,163
205,163
205,164
204,164
204,165
203,165
203,166
203,167
203,166
203,165
204,165
204,164
205,164
205,163
206,163
206,162
207,162
207,161
208,161
208,160
209,160
209,159
210,159
211,159
211,158
212,158
212,157
213,157
213,158
214,158
214,157
214,156
215,156
216,155
217,155
218,155
219,155
219,154
220,154
220,155
221,155
222,155
222,156
223,156
223,157
223,158
224,158
224,159
224,160
224,161
224,162
224,163
224,164
224,165
224,166
224,167
224,168
223,168
223,169
223,170
223,171
223,172
223,173
222,173
222,174
222,175
222,176
221,176
221,177
221,178
220,178
220,179
219,180
218,180
218,181
217,181
216,181
215,181
216,181
216,182
215,182
214,182
213,182
212,182
211,182
210,182
209,182
210,182
210,181
209,181
208,181
207,181
206,181
205,181
205,180
204,180
203,180
202,180
202,179
201,179
200,179
199,179
199,178
198,178
197,178
197,177
196,177
195,177
194,177
194,176
193,176
192,176
192,175
191,175
190,175
190,174
189,174
188,174
188,173
187,173
186,173
186,172
185,172
184,172
183,172
183,171
182,171
182,170
181,170
181,169
180,169
179,168
178,167
178,166
177,166
177,165
176,164
176,163
176,162
175,162
175,161
175,160
175,159
175,158
175,157
175,156
175,155
175,154
175,153
175,152
175,151
175,150
175,149
175,148
175,147
175,148
176,148
176,147
176,146
176,145
176,144
176,143
176,142
176,141
176,142
177,142
177,141
177,140
177,139
177,138
177,137
177,136
178,136
178,135
178,134
178,133
178,132
178,131
178,130
178,129
178,128
178,127
178,126
178,127
177,127
177,126
177,125
177,124
177,123
177,122
176,122
176,121
176,120
176,119
175,119
175,118
175,117
175,116
174,116
174,115
174,114
174,113
173,113
173,112
173,111
173,110
172,110
172,109
172,108
172,107
172,108
171,108
171,107
171,106
171,105
170,105
170,104
170,103
169,103
169,102
169,101
169,100
168,100
168,99
168,98
167,98
167,97
167,96
166,96
166,95
166,94
165,94
165,93
165,92
164,92
164,91
163,90
163,89
162,89
162,88
162,87
161,87
161,86
160,86
160,85
159,85
159,84
158,84
158,83
157,84
157,85
157,86
157,87
157,86
157,85
156,85
156,86
156,87
156,88
156,89
156,90
156,89
157,89
157,90
157,91
157,92
157,93
157,94
157,95
157,96
158,96
158,97
158,98
158,99
159,100
159,101
159,102
160,102
160,103
161,104
161,105
162,105
162,106
163,107
164,108
164,109
165,109
165,110
165,111
166,111
166,110
167,110
167,111
168,112
169,112
169,113
170,113
170,114
171,114
172,115
173,115
174,115
174,116
175,116
176,117
177,117
178,117
178,118
179,118
180,118
180,119
181,119
182,119
183,119
183,120
184,120
185,120
186,120
187,120
186,120
186,121
187,121
188,121
189,121
190,121
191,121
191,122
192,122
193,122
194,122
195,122
196,122
197,122
198,122
199,122
200,122
199,122
198,122
197,122
197,123
198,123
199,123
200,123
201,123
202,123
203,123
204,123
205,123
206,123
207,123
208,123
209,123
210,123
211,123
212,123
213,123
214,123
213,123
212,123
212,122
213,122
214,122
215,122
216,122
217,122
218,122
219,122
220,122
221,122
220,122
220,121
221,121
222,121
223,121
224,121
225,121
225,120
226,120
227,120
228,119
229,119
230,119
231,118
232,118
233,118
233,117
234,117
234,116
235,116
235,115
236,115
236,114
237,114
237,113
238,113
238,112
239,112
239,111
240,111
240,110
240,109
240,108
240,107
240,106
240,105
239,105
239,104
239,103
238,103
238,102
237,102
237,101
236,101
235,100
234,99
233,99
233,98
232,98
231,98
231,97
230,97
229,97
229,96
228,96
227,96
226,95
225,95
224,95
225,95
226,95
226,94
225,94
224,94
223,94
222,94
221,94
220,94
219,94
218,94
219,94
220,94
220,93
219,93
218,93
218,92
217,92
216,92
215,92
214,92
213,92
214,92
214,91
213,91
212,91
211,91
210,91
209,91
210,91
210,90
209,90
208,90
207,90
206,90
206,91
205,91
204,91
204,92
203,92
202,92
201,92
200,92
201,92
201,91
200,91
199,91
198,91
197,91
197,90
196,90
195,90
194,90
194,89
193,89
192,89
192,88
191,88
190,88
190,87
189,87
188,86
187,86
187,85
186,85
185,85
185,84
184,84
183,83
182,83
182,82
181,82
180,81
179,81
179,80
178,80
177,80
177,79
176,79
176,78
175,78
174,78
174,77
173,77
172,77
172,76
171,76
170,76
170,75
169,75
168,75
168,74
167,74
166,74
165,74
165,73
164,73
163,73
162,73
162,72
161,72
160,72
159,72
158,72
157,72
157,71
156,71
155,71
154,71
153,71
152,71
151,71
150,71
149,71
149,72
148,72
147,72
146,72
145,72
144,72
143,72
143,73
142,73
141,73
140,73
139,73
139,74
138,74
137,74
136,74
136,75
135,75
134,75
134,76
133,76
132,76
131,76
131,77
130,77
129,77
129,78
128,78
127,78
127,79
126,79
125,79
125,80
124,80
123,80
123,81
122,81
121,81
121,82
120,82
119,83
118,83
118,84
117,84
116,84
116,85
115,85
114,86
113,86
113,87
112,87
111,88
110,88
110,89
109,89
108,90
107,90
107,91
106,91
105,92
104,92
104,93
103,93
102,94
101,94
101,95
100,95
100,96
99,96
98,97
97,97
97,98
96,98
96,99
95,99
95,100
94,100
94,101
93,101
93,102
92,102
92,103
91,103
91,104
90,104
90,105
89,105
89,106
88,106
88,107
87,107
87,108
86,108
86,109
86,110
85,110
85,111
84,111
84,112
84,113
83,113
83,114
82,114
82,115
82,116
81,116
81,117
81,118
80,118
80,119
80,120
79,120
79,121
79,122
78,122
78,123
78,124
78,125
77,125
77,126
77,127
77,128
76,128
76,129
76,130
76,131
76,132
75,132
75,133
75,134
75,135
75,136
75,137
75,138
75,137
74,137
74,138
74,139
74,140
74,141
74,142
74,143
74,144
74,145
74,146
74,147
74,148
74,149
74,150
74,151
74,152
74,153
74,152
75,152
75,153
75,154
75,155
75,156
75,157
75,158
75,159
76,159
76,160
76,161
76,162
76,163
77,163
77,164
77,165
77,166
78,166
78,167
78,168
79,168
79,169
79,170
80,171
80,172
81,172
81,173
81,174
82,174
82,175
83,176
83,177
84,177
84,178
85,178
85,179
86,179
86,180
87,180
88,180
88,181
89,181
90,182
91,182
91,183
92,183
93,183
93,184
94,184
94,185
95,185
96,185
96,186
97,186
97,187
98,187
99,188
100,188
100,189
101,189
101,190
102,190
103,191
104,192
105,192
105,193
106,193
106,194
107,194
107,195
108,195
108,196
109,196
110,197
111,198
112,198
112,199
113,199
113,200
114,200
114,201
115,201
115,202
116,202
117,203
118,204
119,205
120,205
120,206
121,206
121,207
122,207
122,208
123,208
123,209
124,209
124,210
125,210
125,211
126,211
126,212
127,212
127,213
128,213
129,214
130,215
131,216
132,216
132,217
133,217
133,218
134,218
134,219
135,219
135,220
136,220
136,221
137,221
137,222
138,222
138,223
139,223
139,224
140,224
141,225
142,226
143,227
144,228
145,229
146,229
146,230
147,230
147,231
148,231
148,232
149,232
149,233
150,233
150,234
151,234
151,235
152,235
153,236
154,236
154,237
155,237
155,238
156,238
157,238
157,239
158,239
159,240
160,240
160,241
161,241
162,241
163,242
164,242
165,243
166,243
167,243
167,244
168,244
169,244
170,244
170,245
171,245
172,245
173,245
173,246
174,246
175,246
176,246
177,246
178,246
179,246
180,245
181,244
181,243
182,243
182,242
182,241
182,240
183,240
183,239
183,238
183,237
183,236
183,235
184,235
184,234
184,233
184,232
184,231
184,230
184,229
184,230
185,230
185,229
185,228
185,227
185,226
185,225
185,224
185,223
185,222
185,221
186,221
185,221
185,220
185,219
185,218
185,217
185,216
185,215
185,214
185,213
185,212
185,211
185,210
185,209
185,208
185,207
185,208
185,209
184,209
184,208
184,207
184,206
184,205
184,204
184,203
184,202
184,201
184,200
184,199
184,200
184,201
183,201
183,200
183,199
183,198
183,197
183,196
183,195
183,194
183,193
183,192
183,191
183,190
183,191
183,192
182,192
182,191
182,190
182,189
182,188
182,187
182,186
182,185
182,184
182,183
182,182
182,181
182,180
182,179
183,179
183,178
182,178
182,177
183,177
183,176
182,176
183,176
183,175
183,174
183,173
183,172
183,171
184,171
184,170
185,170
185,169
186,168
186,167
187,167
188,166
189,166
190,166
191,166
190,166
189,166
189,165
190,165
191,165
191,164
192,164
193,164
194,164
193,164
192,164
192,163
193,163
194,163
195,163
196,163
197,163
198,163
199,163
198,163
198,162
199,162
200,162
201,161
202,161
202,160
203,160
203,159
204,159
204,158
205,158
205,157
206,157
206,156
207,156
207,155
208,155
208,154
209,154
209,153
210,153
210,152
211,151
212,150
213,149
214,148
215,148
215,147
216,147
217,146
218,146
219,146
220,146
220,147
221,147
222,147
222,148
223,148
224,149
225,149
225,150
226,150
227,151
228,151
228,152
229,152
229,153
230,154
230,155
230,156
230,157
230,158
230,159
230,160
230,161
229,161
229,162
229,163
229,164
229,165
229,166
229,167
229,168
229,167
229,166
229,165
228,165
228,166
228,167
228,168
229,169
229,170
230,170
230,171
231,171
231,172
232,172
232,173
233,174
233,175
234,175
234,176
235,176
235,177
236,178
236,179
237,179
237,180
238,180
238,181
239,182
239,183
240,183
240,184
241,184
241,185
242,186
243,187
243,188
244,188
244,189
245,189
245,190
246,191
246,192
247,192
247,193
247,194
248,194
248,195
248,196
248,197
248,198
248,197
249,197
249,198
249,199
249,200
249,201
249,202
249,203
249,204
249,203
250,203
250,204
250,205
250,206
250,207
250,208
250,209
250,210
250,211
250,212
250,213
250,212
250,211
251,211
251,212
251,213
251,214
251,215
251,216
251,217
251,218
251,219
251,220
251,221
251,222
251,223
251,224
251,225
251,226
251,227
251,228
251,229
251,230
251,231
252,231
253,231
254,231
255,231
254,231
254,230
255,230
256,230
257,230
258,230
259,230
258,230
258,229
259,229
260,229
261,229
262,229
262,228
263,228
264,228
265,228
266,228
267,228
267,227
268,227
269,227
270,227
271,227
272,227
273,227
272,227
272,226
273,226
274,226
275,226
276,226
277,226
278,226
279,226
280,226
281,226
282,226
283,226
284,226
285,226
284,226
284,227
285,227
286,227
287,227
288,227
288,228
289,228
290,228
290,229
291,229
292,229
292,230
293,230
293,231
294,231
295,231
295,232
295,233
295,234
295,235
295,234
295,233
295,232
295,231
294,231
294,232
294,233
294,234
294,235
293,235
293,234
292,234
291,234
290,234
290,233
289,233
288,233
287,233
287,232
286,232
285,232
284,232
283,232
283,231
282,231
281,231
280,231
279,231
278,231
277,231
277,230
276,230
275,230
274,230
273,230
272,230
271,230
270,230
271,230
272,230
273,230
274,230
275,230
276,230
277,230
276,231
275,231
274,231
273,231
272,231
271,231
270,231
269,231
268,231
267,231
266,231
265,231
265,232
264,232
263,232
262,232
262,233
261,233
260,233
259,234
258,234
258,235
257,235
256,235
256,236
255,236
255,237
254,237
253,238
252,238
252,239
251,239
251,240
250,240
250,241
249,242
250,242
251,242
252,242
253,242
254,242
253,242
253,241
254,241
255,241
256,241
257,241
258,241
259,241
260,241
259,241
259,240
260,240
261,240
262,240
263,240
264,240
265,240
266,240
267,240
268,240
269,240
270,240
271,240
270,240
269,240
268,240
268,239
269,239
270,239
271,239
272,239
273,239
274,239
275,239
276,239
277,239
278,239
279,239
280,239
281,239
282,239
281,239
280,239
280,240
281,240
282,240
283,240
284,240
285,240
286,240
287,240
288,240
288,241
289,241
290,241
291,241
291,242
292,242
293,242
294,242
295,242
295,243
296,243
296,244
297,244
297,245
298,245
299,245
298,245
298,246
299,246
299,247
300,247
300,248
301,248
301,249
301,250
302,250
302,251
303,252
303,253
304,253
304,254
305,254
305,255
305,256
306,256
306,257
307,257
307,258
308,258
308,259
309,259
309,260
310,260
310,261
311,261
311,262
312,262
312,263
313,263
313,264
314,264
315,265
316,265
316,266
317,266
318,267
319,267
319,268
320,268
321,269
322,269
323,270
324,270
324,271
325,271
326,271
327,271
327,272
328,272
329,272
329,273
330,273
331,273
332,273
332,274
333,274
334,274
335,274
335,275
336,275
337,275
338,275
339,275
339,276
340,276
341,276
342,276
343,276
344,276
345,276
344,276
344,277
345,277
346,277
347,277
348,277
349,277
350,277
351,277
352,277
353,277
354,277
355,277
356,277
357,277
358,277
359,277
360,277
361,277
362,277
363,277
364,277
363,277
362,277
362,278
363,278
364,278
365,278
366,278
367,278
367,279
366,280
365,281
364,281
364,282
363,282
362,282
362,283
361,283
360,283
360,284
359,284
358,284
357,284
356,284
357,284
357,285
356,285
355,285
354,285
353,285
352,285
351,285
350,285
349,285
349,286
348,286
348,285
347,285
346,285
345,285
344,285
343,285
342,285
341,285
340,285
339,285
339,284
338,284
337,284
336,284
335,284
334,284
334,283
333,283
332,283
331,283
330,283
331,283
331,282
330,282
329,282
328,282
327,282
327,281
326,281
325,281
324,281
324,280
323,280
322,280
322,279
321,279
320,279
319,279
319,278
318,278
317,278
317,277
316,277
315,277
315,276
314,276
313,276
313,275
312,275
311,275
310,274
309,274
309,273
308,273
307,273
307,272
306,272
306,271
305,271
304,271
304,270
303,270
303,269
302,269
301,268
300,267
299,266
299,265
298,265
298,264
298,263
298,262
297,262
297,261
297,260
297,259
297,258
296,258
296,257
296,256
296,255
296,254
296,253
296,252
296,251
296,250
296,249
296,248
296,249
296,250
296,251
296,252
295,252
295,251
295,250
295,249
295,248
295,247
295,246
295,245
295,244
295,243
295,242
295,241
295,240
295,239
295,238
295,237
295,236
295,235
295,234
295,233
294,233
294,232
294,231
294,230
293,230
293,229
293,228
293,227
293,226
293,225
293,226
292,226
292,225
292,224
292,223
292,222
292,221
292,220
292,219
292,218
292,217
292,216
292,217
292,218
292,219
292,220
291,220
291,219
291,218
291,217
291,216
291,215
291,214
291,213
291,212
291,211
291,210
291,209
291,208
291,207
291,206
291,205
291,204
291,203
291,202
291,201
291,200
291,199
291,198
291,199
291,200
291,201
291,202
291,203
291,204
290,204
290,203
290,202
290,201
290,200
290,199
290,198
290,197
290,196
290,195
290,194
290,193
290,192
290,191
290,190
290,189
290,188
290,187
290,186
290,187
290,188
290,189
290,190
290,191
291,191
291,190
291,189
291,188
291,187
291,186
291,185
291,184
291,183
291,182
291,181
291,180
292,180
292,179
292,178
292,177
292,176
293,176
293,175
293,174
293,173
294,173
294,172
294,171
295,170
295,169
295,168
296,168
296,167
296,166
297,166
297,165
297,164
297,163
297,162
297,161
297,160
297,159
297,158
297,157
297,156
297,155
296,155
296,154
296,153
296,152
295,152
295,151
295,150
294,150
294,149
294,148
293,148
293,147
293,146
292,146
292,145
292,144
291,144
291,143
291,142
290,142
290,141
290,140
289,140
289,139
288,138
288,137
287,136
287,135
286,134
286,133
286,132
285,132
285,131
285,130
284,130
284,129
284,128
284,127
284,126
284,127
283,127
283,126
283,125
283,124
283,123
282,123
282,122
282,121
282,120
282,119
282,118
281,118
281,117
281,116
281,115
281,114
280,114
280,113
280,112
280,111
279,111
279,110
279,109
279,108
278,108
278,107
278,106
277,106
277,105
276,104
276,103
275,103
275,102
274,101
273,100
272,99
271,98
270,98
270,97
269,97
268,96
267,96
267,95
266,95
265,95
265,94
264,94
263,94
262,94
261,93
260,93
259,93
258,93
257,93
256,93
255,93
254,93
253,93
252,93
251,93
250,93
249,93
248,93
247,93
246,93
245,93
244,93
243,93
242,93
241,93
240,93
239,93
238,93
237,93
236,93
235,93
234,93
233,93
232,93
231,93
230,93
229,93
228,93
229,93
230,93
230,94
229,94
228,94
227,94
226,94
226,95
225,95
224,95
225,95
226,95
226,94
225,94
224,94
223,94
222,94
221,94
220,94
219,94
218,94
219,94
219,95
218,95
217,95
216,95
215,95
214,95
213,95
212,95
211,95
210,95
209,95
210,95
210,96
209,96
208,96
207,96
206,96
205,96
204,96
203,96
202,96
203,96
203,97
202,97
201,97
200,97
199,97
198,97
198,98
197,98
196,98
195,98
195,99
194,99
193,99
192,99
192,100
191,100
190,100
190,101
189,101
188,101
187,101
187,102
186,102
185,102
185,103
184,103
183,103
182,103
182,104
181,104
180,104
180,105
179,105
178,105
178,106
177,106
176,106
175,106
175,107
174,107
173,107
173,108
172,108
172,109
171,109
170,109
169,109
168,110
167,110
167,111
166,111
165,111
164,111
164,112
163,112
162,112
162,113
161,113
160,113
160,114
159,114
158,114
158,115
157,115
156,115
156,116
155,116
154,116
154,117
153,117
152,117
152,118
151,118
150,118
150,119
149,119
148,119
148,120
147,120
146,120
146,121
145,121
144,121
144,122
143,122
142,123
141,123
141,124
140,124
139,124
139,125
138,125
137,125
137,126
136,126
135,126
135,127
134,127
133,128
132,128
132,129
131,129
130,129
130,130
129,130
128,131
127,131
127,132
126,132
125,133
124,133
124,134
123,134
122,135
121,135
121,136
120,136
119,137
118,137
118,138
117,138
116,139
115,139
115,140
114,140
113,141
112,141
112,142
111,142
111,143
110,143
109,144
108,144
108,145
107,145
107,146
106,146
106,147
105,147
104,148
103,149
102,149
102,150
101,150
101,151
100,151
100,152
99,152
98,153
97,154
96,155
95,156
94,157
93,158
92,159
91,160
90,161
90,162
89,162
89,163
88,163
88,164
87,164
87,165
86,166
85,167
85,168
84,168
84,169
83,170
83,171
82,171
82,172
81,172
81,173
81,174
80,174
80,175
80,176
79,176
79,177
79,178
78,178
78,179
78,180
77,180
77,181
77,182
76,183
76,184
76,185
75,186
75,187
75,188
74,189
74,190
74,191
74,192
74,193
73,194
73,195
73,196
73,197
73,198
72,199
72,200
72,201
72,202
72,203
72,204
71,205
71,206
71,207
71,208
71,209
71,210
71,211
71,212
71,213
71,214
71,215
70,216
70,217
70,218
70,219
70,220
70,221
70,222
70,223
69,223
69,224
69,225
69,226
69,227
69,228
69,229
69,230
69,231
69,232
69,233
69,234
69,235
69,236
69,237
68,238
68,239
68,240
68,241
68,242
68,243
68,244
68,245
68,246
68,247
68,248
68,249
68,250
68,251
68,252
68,253
68,254
68,255
68,256
68,257
68,258
68,259
69,260
69,261
69,262
69,263
69,264
69,265
69,266
69,267
69,268
69,269
69,270
69,271
69,272
69,273
69,274
69,275
69,276
69,277
69,278
70,279
70,280
70,281
70,282
70,283
70,284
70,285
70,286
70,287
70,288
71,289
71,290
71,291
71,292
71,293
71,294
72,295
72,296
72,297
72,298
72,299
72,300
73,301
73,302
73,303
73,304
73,305
74,306
74,307
74,308
75,309
75,310
75,311
75,312
76,313
76,314
76,315
76,316
77,317
77,318
77,319
78,320
78,321
78,322
78,323
79,324
79,325
79,326
80,327
80,328
80,329
80,330
80,331
81,332
81,333
81,334
82,335
82,336
83,337
83,338
84,339
84,340
85,341
86,342
87,343
88,344
89,344
90,345
91,345
92,346
93,346
94,347
95,347
96,348
97,348
98,349
99,349
100,350
101,350
102,351
103,351
104,352
105,352
106,353
107,353
108,354
109,354
110,355
111,355
112,356
113,356
114,356
115,357
116,357
117,358
118,358
119,358
120,359
121,359
122,360
123,360
124,361
125,361
126,361
127,362
128,362
129,362
130,363
131,363
132,363
133,364
134,364
135,365
136,365
137,365
138,366
139,366
140,366
141,366
142,367
143,367
144,367
145,368
146,368
147,368
148,368
149,369
150,369
151,369
152,369
153,370
154,370
155,370
156,370
157,370
158,371
159,371
160,371
161,371
162,371
163,372
164,372
165,372
166,372
167,372
168,372
169,372
170,372
171,373
172,373
173,373
174,373
175,373
176,373
177,373
178,373
179,373
180,373
181,373
182,373
183,373
184,373
185,373
186,372
187,372
188,372
189,372
190,372
191,372
192,372
193,371
194,371
195,371
196,371
197,371
198,370
199,370
200,370
201,369
202,369
203,369
204,368
205,368
206,367
207,367
208,366
209,366
210,365
211,365
212,364
213,363
214,362
215,362
216,361
217,360
218,359
219,358
220,357
221,356
221,355
222,354
223,353
223,352
224,351
225,350
225,349
226,348
226,347
227,346
227,345
228,344
228,343
229,342
229,341
229,340
230,339
230,338
230,337
230,336
231,335
231,334
231,333
231,332
232,331
232,330
232,329
233,328
233,327
233,326
233,325
234,324
234,323
234,322
234,321
235,320
235,319
235,318
235,317
236,316
236,315
236,314
236,313
236,312
237,311
237,310
237,309
237,308
237,307
237,306
237,305
237,304
238,303
238,302
238,301
238,300
238,299
238,298
238,297
239,296
239,295
239,294
239,293
240,292
240,291
240,290
241,289
241,288
242,287
242,286
242,285
243,284
244,283
245,282
246,281
246,280
247,279
248,278
249,277
250,276
251,275
251,274
252,273
252,272
252,271
252,270
252,269
251,268
250,267
249,266
248,265
247,264
246,263
245,262
244,262
244,261
243,261
242,261
242,260
241,260
240,259
239,258
238,258
237,257
236,257
236,256
235,256
235,255
234,255
233,255
232,254
231,254
230,253
229,253
228,252
227,251
226,251
225,250
224,250
223,249
222,249
221,248
220,248
219,247
218,247
217,247
217,246
216,246
216,245
215,245
214,245
214,244
213,244
212,244
212,243
211,243
210,243
210,242
209,242
208,241
207,241
206,240
205,240
204,239
203,239
202,238
201,238
200,237
199,237
198,236
197,236
197,235
196,235
195,234
194,234
194,233
193,233
192,232
191,231
190,231
190,230
189,230
189,229
188,229
188,228
187,228
187,227
186,227
186,226
185,226
185,225
185,224
184,224
183,223
183,222
182,222
182,221
182,220
181,220
181,219
180,218
180,217
180,216
179,216
179,215
179,214
179,213
178,213
178,212
178,211
178,210
178,209
178,208
177,208
177,207
177,206
177,205
177,204
177,203
177,202
177,201
177,200
177,199
178,199
178,198
178,197
178,196
178,195
178,194
179,193
179,192
179,191
179,190
179,189
180,189
180,188
180,187
180,186
181,186
181,185
181,184
182,184
182,183
182,182
182,181
182,180
182,179
182,178
182,177
182,176
182,177
182,178
182,179
182,180
182,181
183,181
183,180
183,179
183,178
183,177
183,176
183,175
183,174
183,173
183,172
183,171
184,171
184,170
185,170
185,169
186,168
186,167
187,167
188,166
189,166
190,166
191,166
190,166
189,166
189,165
190,165
191,165
191,164
192,164
193,164
194,164
193,164
192,164
192,163
193,163
193,162
194,161
194,160
195,160
195,159
196,158
197,157
197,156
198,156
198,155
199,154
199,153
200,153
200,152
201,152
201,151
202,151
202,150
203,149
203,148
204,148
204,147
205,147
205,146
206,146
206,145
207,144
208,143
209,142
209,141
210,141
210,140
211,140
211,139
212,139
212,138
213,138
213,137
214,137
214,136
215,135
216,134
217,133
218,132
219,131
220,130
221,129
222,128
223,127
224,126
225,125
226,124
227,123
228,122
229,121
229,120
230,120
230,119
231,119
231,118
232,118
233,118
233,117
234,117
234,116
235,116
235,115
236,115
237,115
237,114
238,114
238,113
238,112
239,112
239,111
240,111
240,110
241,110
241,109
242,109
243,109
243,108
244,108
244,107
245,107
245,106
246,106
246,105
247,105
248,104
249,103
250,103
250,102
251,102
251,101
252,101
252,100
253,100
253,99
254,99
255,98
256,98
256,97
257,97
257,96
258,96
258,95
259,95
260,94
260,93
261,93
262,93
262,92
263,92
263,91
264,91
265,90
266,90
266,89
267,89
267,88
268,88
269,87
270,87
270,86
271,86
271,85
272,85
273,84
274,84
274,83
275,83
276,82
277,82
277,81
278,81
278,80
279,80
280,79
281,79
281,78
282,78
283,78
283,77
284,77
285,77
286,77
287,77
288,77
289,77
289,78
290,78
291,78
291,79
292,79
292,80
293,80
293,81
294,81
294,82
295,83
295,84
296,84
296,85
296,86
297,86
297,87
297,88
298,88
298,89
298,90
299,91
299,92
299,93
300,93
300,94
300,95
300,96
301,96
301,97
301,98
301,99
302,99
302,100
302,101
302,102
303,102
303,103
303,104
303,105
304,105
304,106
304,107
304,108
305,108
305,109
305,110
305,111
306,111
306,112
306,113
306,114
306,115
307,115
307,116
307,117
307,118
308,118
308,119
308,120
308,121
309,121
309,122
309,123
310,124
310,125
310,126
311,126
311,127
311,128
312,129
312,130
312,131
313,131
313,132
313,133
314,133
314,134
314,135
315,135
315,136
315,137
315,138
316,138
316,139
316,140
316,141
316,142
316,143
316,144
316,143
317,143
317,144
317,145
317,146
317,147
317,148
317,149
317,150
317,151
317,152
317,153
317,154
317,155
317,156
317,157
317,156
316,156
316,157
316,158
316,159
316,160
316,161
316,162
316,163
315,163
315,164
315,165
315,166
315,167
315,168
314,168
314,169
314,170
314,171
314,172
313,172
313,173
313,174
313,175
313,176
312,176
312,177
312,178
312,179
311,179
311,180
311,181
311,182
310,182
310,183
310,184
310,185
309,185
309,186
309,187
309,188
308,188
308,189
308,190
308,191
307,191
307,192
307,193
306,193
306,194
306,195
306,196
305,196
305,197
305,198
304,198
304,199
304,200
303,200
303,201
303,202
303,203
302,203
302,204
302,205
301,205
301,206
301,207
301,208
300,208
300,209
300,210
300,211
299,211
299,212
299,213
299,214
298,214
298,215
298,216
298,217
298,218
297,218
297,219
297,220
297,221
297,222
297,223
297,224
297,225
296,225
296,226
296,227
296,228
296,229
296,230
296,231
296,232
296,233
296,234
297,234
297,235
298,235
298,236
298,237
298,236
297,236
297,237
296,237
296,238
296,239
296,240
297,240
297,241
297,242
298,242
298,243
298,244
298,245
298,246
298,245
299,245
299,246
299,247
299,248
298,248
298,249
299,249
299,250
299,251
299,252
298,252
299,253
299,254
300,254
301,254
302,254
303,254
304,254
305,254
304,254
303,254
303,253
304,253
305,253
305,252
306,252
306,251
306,250
307,250
307,249
307,248
307,247
307,246
307,247
307,248
307,249
307,250
306,250
306,249
306,248
306,247
306,246
306,245
306,244
306,243
306,242
305,242
305,241
305,240
305,239
304,239
304,238
304,237
304,236
303,236
303,235
303,234
302,234
302,233
302,232
301,232
301,231
301,230
300,230
300,229
300,228
299,228
299,227
299,226
298,226
298,225
297,225
297,224
296,224
296,225
296,226
296,227
296,228
296,229
295,229
295,230
295,231
295,232
295,233
295,234
295,235
295,236
295,237
295,238
295,239
295,240
295,241
295,242
295,243
294,243
294,244
295,244
295,245
294,245
294,246
295,246
295,247
295,248
294,248
294,249
295,249
295,250
294,250
294,251
295,251
295,252
294,252
294,253
294,254
294,255
294,256
294,257
294,258
294,259
294,260
294,261
294,262
294,263
294,264
294,265
294,266
294,267
294,268
294,269
294,270
294,271
294,272
294,273
294,274
294,275
294,276
293,277
293,278
293,279
293,280
293,281
293,282
293,283
293,284
293,285
293,286
292,287
292,288
292,289
292,290
292,291
292,292
292,293
292,294
292,295
292,296
292,297
291,297
291,298
291,299
291,300
291,301
291,302
291,303
291,304
291,305
290,306
290,307
290,308
290,309
290,310
290,311
290,312
290,313
289,314
289,315
289,316
289,317
289,318
289,319
289,320
288,321
288,322
288,323
288,324
288,325
288,326
288,327
288,328
288,329
287,329
287,330
287,331
287,332
287,333
287,334
287,335
287,334
286,334
286,335
286,336
286,337
286,338
286,339
286,340
286,341
286,340
285,340
285,341
285,342
285,343
285,344
285,345
285,346
285,345
284,345
284,346
284,347
284,348
284,349
284,350
284,351
284,350
283,350
283,351
283,352
283,353
283,354
283,355
282,355
282,356
282,357
282,358
282,359
281,359
281,360
281,361
281,362
281,363
281,364
281,363
280,363
280,364
280,365
280,366
280,367
279,367
279,368
279,369
279,370
279,371
278,371
278,372
278,373
278,374
278,375
278,374
277,374
277,375
277,376
277,377
277,378
276,378
276,379
276,380
276,381
275,381
275,382
275,383
275,384
274,384
274,385
274,386
274,387
273,387
273,388
273,389
273,390
272,390
272,391
272,392
271,392
271,393
271,394
271,395
270,395
270,396
270,397
269,397
269,398
269,399
268,399
268,400
268,401
267,401
267,402
267,403
266,404
266,405
265,405
265,406
265,407
264,407
264,408
264,409
263,409
263,410
262,411
262,412
261,412
261,413
261,414
260,414
260,415
259,415
259,416
258,417
258,418
257,418
257,419
256,419
256,420
255,420
255,421
254,422
253,423
252,424
251,425
250,426
249,427
248,427
248,428
247,428
247,429
246,429
246,430
245,430
244,431
243,431
243,432
242,432
242,433
241,433
240,434
239,434
239,435
238,435
237,436
236,436
236,437
235,437
234,437
234,438
233,438
232,438
232,439
231,439
230,439
230,440
229,440
228,440
227,440
227,441
226,441
225,441
225,442
224,442
223,442
222,442
222,443
221,443
220,443
219,443
218,443
218,444
217,444
216,444
215,444
214,444
213,444
212,444
212,445
211,445
210,445
209,445
208,445
207,445
206,445
205,445
204,445
203,445
202,445
202,444
201,444
200,444
199,444
198,444
198,443
197,443
196,443
196,442
195,442
195,441
194,441
194,440
